arSetPars('h_1',10.0,1,0,1.0,1000.0);
arSetPars('b_1_1',10.0,1,0,0.0,1000.0);
arSetPars('b_3_1',10.0,1,0,0.0,1000.0);
arSetPars('b_4_1',10.0,1,0,0.0,1000.0);
arSetPars('h_2',10.0,1,0,1.0,1000.0);
arSetPars('b_3_2',10.0,1,0,0.0,1000.0);
arSetPars('b_6_2',10.0,1,0,0.0,1000.0);
arSetPars('h_3',10.0,1,0,1.0,1000.0);
arSetPars('b_1_3',10.0,1,0,0.0,1000.0);
arSetPars('b_2_3',10.0,1,0,0.0,1000.0);
arSetPars('a_6_3',1.0,1,0,0.0,1000.0);
arSetPars('h_4',10.0,1,0,1.0,1000.0);
arSetPars('b_3_4',10.0,1,0,0.0,1000.0);
arSetPars('h_5',10.0,1,0,1.0,1000.0);
arSetPars('a_1_5',1.0,1,0,0.0,1000.0);
arSetPars('b_2_5',10.0,1,0,0.0,1000.0);
arSetPars('b_3_5',10.0,1,0,0.0,1000.0);
arSetPars('init_x1',0.2,1,0,0.0,1.0);
arSetPars('init_x2',0.2,1,0,0.0,1.0);
arSetPars('init_x3',0.2,1,0,0.0,1.0);
arSetPars('init_x4',0.2,1,0,0.0,1.0);
arSetPars('init_x5',0.2,1,0,0.0,1.0);
arSetPars('init_x6',0.2,1,0,0.0,1.0);
arSetPars('delta_1',1.0,1,0,0.0,1000.0);
